 722  1119
 723  1097
 724  1097
 725  1153
 726  1153
 727  1151
 728  1151
 729  1151
 730  1184
 731  1097
 732  1043
 733  1043
 734  1002
 735  1152
 736  1097
 737  1034
 738  1002
 739   989
 740  1092
 741  1115
 742  1115
 743  1047
 744  1040
 745  1038
 746  1085
 747  1126
 748  1058
 749  1067
 750  1115
 751  1263
 752  1124
 753  1110
 754  1097
 755  1097
 756  1157
 757  1000
 758   991
 759   995
 760  1013
 761  1007
 762   971
 763   971
 764   980
 765   993
 766  1043
 767  1097
 768   982
 769   971
 770   971
 771  1065
 772  1022
 773  1029
 774   989
 775  1029
 776   995
 777   982
 778  1090
 779   980
 780   971
 781   957
 782   989
 783   966
 784   989
 785  1022
 786  1074
 787  1110
 788  1110
 789  1061
 790  1151
 791  1128
 792  1074
 793  1043
 794  1034
 795  1074
 796   966
 797  1027
 798  1029
 799  1034
 800  1065
 801   989
 802  1034
 803  1002
 804  1128
 805  1178
 806  1097
 807  1142
 808  1466
 809  1097
 810  1137
 811  1097
 812  1259
 813  1313
 814  1173
 815  1169
 816  1173
 817  1088
 818  1191
 819  1146
 820  1160
 821  1142
 822  1128
 823  1169
 824  1162
 825  1115
 826  1164
 827  1088
 828  1079
 829  1083
 830  1043
 831  1110
 832  1092
 833  1110
 834  1047
 835  1076
 836  1110
 837  1043
 838  1103
 839  1034
 840  1074
 841  1052
 842  1011
 843  1097
 844  1092
 845  1110
 846  1115
 847  1097
 848  1196
 849  1115
 850  1162
 851  1151
 852  1142
 853  1126
 854  1108
 855  1187
 856  1191
 857  1153
 858  1254
 859  1187
 860  1196
 861  1331
 862  1412
 863  1349
 864  1290
 865  1211
 866  1232
 867  1166
 868  1124
 869  1146
 870  1079
 871  1108
 872  1097
 873  1106
 874  1072
 875  1065
 876  1128
 877  1340
 878   959
 879   959
 880  1137
 881  1133
 882  1137
 883  1151
 884  1117
 885  1157
 886  1133
 887  1110
 888  1155
 889  1189
 890  1260
 891  1189
 892  1151
 893  1097
 894  1209
 895  1130
 896  1295
 897  1308
 898  1250
 899  1205
 900  1310
 901  1250
 902  1155
 903  1101
 904  1100
 905  1103
 906  1121
 907  1121
 908  1097
 909  1106
 910  1259
 911  1261
 912  1124
 913  1196
 914  1205
 915  1205
 916  1119
 917  1088
 918  1250
 919  1094
 920  1198
 921  1121
 922  1164
 923  1211
 924  1153
 925  1146
 926  1126
 927  1288
 928  1175
 929  1171
 930  1081
 931  1133
 932  1164
 933  1155
 934  1155
 935  1155
 936  1160
 937  1094
 938  1054
 939  1067
 940  1044
 941   948
 942  1099
 943  1016
 944  1065
 945  1067
 946  1072
 947  1076
 948  1081
 949  1196
 950  1196
 951  1151
 952  1088
 953  1128
 954  1151
 955  1236
 956  1216
 957  1288
 958  1297
 959  1182
 960  1306
 961  1043
 962  1184
 963  1054
 964  1169
 965  1043
 966   980
 967  1072
 968  1189
 969  1151
 970  1142
 971  1193
 972  1151
 973  1097
 974  1144
 975  1097
 976  1094
 977  1153
 978  1108
 979   935
 980  1081
 981  1081
 982  1097
 983  1146
 984  1250
 985  1151
 986  1043
 987  1043
 988  1043
 989  1070
 990  1124
 991  1137
 992  1146
 993  1099
 994  1054
 995  1045
 996  1070
 997  1142
 998  1074
 999  1101
1000  1220
1001  1196
1002  1097
1003  1207
1004  1119
1005  1160
1006  1151
1007  1025
1008  1097
1009  1137
1010  1007
1011  1034
1012  1043
1013  1043
1014   980
1015  1079
1016  1169
1017  1250
1018  1324
1019  1209
1020  1142
1021  1061
1022  1000
1023  1088
1024  1128
1025  1142
1026  1259
1027  1142
1028  1148
1029  1088
1030  1142
1031  1119
1032  1130
1033  1088
1034  1250
1035  1137
1036  1108
1037  1110
1038  1173
1039  1196
1040  1189
1041  1200
1042  1351
1043  1274
1044  1227
1045  1310
1046  1148
1047  1151
1048  1151
1049  1182
1050  1182
1051  1151
1052  1133
1053  1130
1054  1151
1055  1166
1056  1070
1057  1200
1058  1074
1059  1110
1060  1292
1061  1178
1062  1128
1063  1097
1064  1304
1065  1103
1066  1259
1067  1119
1068  1119
1069  1119
1070  1081
1071  1196
1072  1085
1073  1101
1074  1103
1075  1146
1076  1211
1077  1169
1078  1144
1079  1191
1080  1189
1081  1182
1082  1243
1083  1243
1084  1227
1085  1189
1086  1191
1087  1155
1088  1209
1089  1218
1090  1211
1091  1209
1092  1164
1093  1135
1094  1121
1095  1137
1096  1254
1097  1457
1098  1299
1099  1277
1100  1277
1101  1178
1102  1270
1103  1313
1104  1333
1105  1270
1106  1245
1107  1245
1108  1211
1109  1265
1110  1346
1111  1346
1112  1290
1113  1295
1114  1286
1115  1259
1116  1254
1117  1421
1118  1268
1119  1263
1120  1335
1121  1313
1122  1265
1123  1319
1124  1351
1125  1277
1126  1317
1127  1268
1128  1263
1129  1112
1130  1207
1131  1292
1132  1205
1133  1223
1134  1205
1135  1153
1136  1182
1137  1245
1138  1205
1139  1151
1140  1079
1141  1151
1142  1081
1143  1128
1144  1209
1145  1157
1146  1277
1147  1259
1148  1209
1149  1220
1150  1184
1151  1220
1152  1193
1153  1247
1154  1252
1155  1259
1156  1299
1157  1173
1158  1182
1159  1180
1160  1180
1161  1331
1162  1207
1163  1236
1164  1151
1165  1182
1166  1142
1167  1191
1168  1259
1169  1166
1170  1196
1171  1241
1172  1252
1173  1241
1174  1252
1175  1157
1176  1126
1177  1164
1178  1088
1179  1173
1180  1252
1181  1288
1182  1301
1183  1286
1184  1223
1185  1232
1186  1184
1187  1207
1188  1250
1189  1256
1190  1211
1191  1216
1192  1209
1193  1209
1194  1207
1195  1151
1196  1097
1197  1097
1198   989
1199   966
1200  1047
1201  1056
1202  1110
1203  1290
1204  1151
1205  1166
1206  1196
1207  1196
1208  1110
1209  1110
1210  1119
1211  1119
1212  1074
1213  1106
1214  1128
1215  1218
1216  1098
1217  1044
1218  1056
1219  1058
1220  1098
1221  1043
1222  1038
1223  1142
1224  1142
1225  1193
1226  1103
1227   989
1228   936
1229  1142
1230  1142
1231  1151
1232  1151
1233  1180
1234  1259
1235  1196
1236  1142
1237  1169
1238  1196
1239  1142
1240  1128
1241  1043
1242  1097
1243  1142
1244  1205
1245  1205
1246  1164
1247  1160
1248  1196
1249  1112
1250  1169
1251  1110
1252  1178
1253  1133
1254  1153
1255  1139
1256  1155
1257  1187
1258  1196
1259  1220
1260  1166
1261  1128
1262  1101
1263  1157
1264  1175
1265  1142
1266  1187
1267  1254
1268  1198
1269  1263
1270  1283
1271  1252
1272  1160
1273  1234
1274  1234
1275  1232
1276  1306
1277  1205
1278  1054
1279  1151
1280  1108
1281  1097
