0.02
0.001
0.01
0.01
0.05
2.13
0.21
0.07
0.003
0.01
0.45
0.01
0.49
0.02
0.35
0.01
0.27
0.25
0.02
0.08
1.5
0.003
0.01
0.14
0.001
0.12
0.08
0.42
0.003
0.001
0.003
0.27
0.04
1.1
0.02
0.001
0.32
0.24
0.29
0.001
0.19
0.002
0.01
0.04
0.18
0.67
0.003
0.01
0.02
0.34
0.14
0.37
0.5
0.76
1.06
0.002
0.29
0.02
0.05
0.46
0.21
0.01
0.44
0.02
0.18
0.01
0.002
0.24
0.13
0.01
0.01
0.27
1.72
0.05
0.001
0.06
0.14
0.08
0.29
1.13
0.002
0.07
0.04
0.002
0.33
0.33
0.06
0.16
0.07
0.41
0.05
0.11
0.01
0.75
0.45
1.78
0.25
0.24
0.03
0.5
0.003
0.003
0.02
0.01
0.01
0.002
0.002
0.002
0.002
0.001
0.79
0.32
0.23
0.17
0.21
1.26
0.77
0.21
0.23
0.08
0.01
0.01
0.16
0.04
1.04
0.06
0.002
0.02
0.52
0.11
0.004
0.21
0.04
0.09
0.4
0.02
0.001
0.14
0.001
0.84
0.2
0.06
0.55
0.13
1.35
0.17
0.01
0.02
0.01
0.73
0.15
0.03
0.06
0.12
0.02
0.02
0.01
1.09
0.07
0.001
0.02
0.02
0.09
0.35
1.27
0.07
0.02
0.01
0.29
0.07
0.4
0.27
0.73
0.09
0.73
0.004
0.01
0.003
0.6
0.17
0.83
0.04
0.06
0.51
0.003
0.001
0.1
0.03
0.35
0.14
0.01
0.19
2.1
0.02
0.002
0.001
0.01
0.1
0.09
0.007
0.36
0.08
0.16
0.26
0.01
0.002
0.003
0.01
0.09
0.41
0.03
0.12
0.03
0.04
0.16
0.59
0.003
0.001
0.06
0.62
0.01
0.002
0.05